4962015006105627|11|2024|406
4962015006114785|11|2024|730
4962015006153262|11|2024|752
4962015006187823|11|2024|724
4962015006112078|11|2024|187
4962015006151746|11|2024|400
4962015006103218|11|2024|352
4962015006111781|11|2024|670
4962015006120063|11|2024|380
4962015006100214|11|2024|115
4962015006147132|11|2024|406
4962015006127613|11|2024|766
4962015006172064|11|2024|641
4962015006153460|11|2024|683
4962015006176529|11|2024|016
4962015006126417|11|2024|622
4962015006152645|11|2024|572
4962015006150276|11|2024|688
4962015006134338|11|2024|233
4962015006188300|11|2024|875
4962015006144246|11|2024|411
4962015006166785|11|2024|487
4962015006143834|11|2024|232
4962015006130070|11|2024|050
4962015006160788|11|2024|746
4962015006158089|11|2024|374
4962015006135814|11|2024|600
4962015006176461|11|2024|171
4962015006125567|11|2024|468
4962015006175513|11|2024|002
4962015006111260|11|2024|283
4962015006115766|11|2024|682
4962015006184036|11|2024|843
4962015006184671|11|2024|040
4962015006127605|11|2024|444
4962015006152082|11|2024|774
4962015006133405|11|2024|366
4962015006184549|11|2024|284
4962015006100750|11|2024|333
4962015006134502|11|2024|708
4962015006105387|11|2024|175
4962015006167833|11|2024|448
4962015006106005|11|2024|442
4962015006165803|11|2024|138
4962015006164863|11|2024|785
4962015006175109|11|2024|741
4962015006113308|11|2024|144
4962015006120675|11|2024|585
4962015006114207|11|2024|804
4962015006154021|11|2024|768
4962015006154773|11|2024|010
4962015006166280|11|2024|205
4962015006130484|11|2024|235
4962015006174250|11|2024|601
4962015006130633|11|2024|165
4962015006143024|11|2024|837
4962015006175844|11|2024|272
4962015006117283|11|2024|561
4962015006182477|11|2024|547
4962015006114587|11|2024|684
4962015006176214|11|2024|035
4962015006180828|11|2024|747
4962015006182055|11|2024|552
4962015006157800|11|2024|044
4962015006121129|11|2024|522
4962015006113357|11|2024|374
4962015006148882|11|2024|717
4962015006130070|11|2024|815
4962015006136432|11|2024|608
4962015006130583|11|2024|266
4962015006172809|11|2024|470
4962015006122432|11|2024|013
4962015006148551|11|2024|157
4962015006124834|11|2024|150
4962015006145763|11|2024|816
4962015006181008|11|2024|174
4962015006111351|11|2024|627
4962015006177782|11|2024|111
4962015006187260|11|2024|575
4962015006124016|11|2024|873
4962015006138800|11|2024|542
4962015006157834|11|2024|262
4962015006103325|11|2024|403
4962015006143339|11|2024|507
4962015006101329|11|2024|151
4962015006188821|11|2024|815
4962015006131151|11|2024|703
4962015006152850|11|2024|676
4962015006127670|11|2024|057
4962015006185868|11|2024|351
4962015006170142|11|2024|847
4962015006153023|11|2024|251
4962015006176701|11|2024|407
4962015006104240|11|2024|541
4962015006103424|11|2024|103
4962015006110817|11|2024|256
4962015006160721|11|2024|264
4962015006127704|11|2024|430
4962015006161133|11|2024|378
4962015006138339|11|2024|586
4962015006165175|11|2024|185
4962015006132084|11|2024|765
4962015006110437|11|2024|364
4962015006156224|11|2024|001
4962015006170209|11|2024|327
4962015006184630|11|2024|542
4962015006153510|11|2024|702
4962015006163436|11|2024|367
4962015006126854|11|2024|208
4962015006171330|11|2024|437
4962015006132209|11|2024|572
4962015006162552|11|2024|553
4962015006180513|11|2024|062
4962015006148528|11|2024|173
4962015006176008|11|2024|445
4962015006168252|11|2024|074
4962015006137778|11|2024|535
4962015006101311|11|2024|768
4962015006140749|11|2024|654
4962015006185017|11|2024|143
4962015006182725|11|2024|367
4962015006111054|11|2024|884
4962015006106740|11|2024|507
4962015006107359|11|2024|034
4962015006186882|11|2024|836
4962015006150623|11|2024|884
4962015006184325|11|2024|037
4962015006155531|11|2024|284
4962015006144683|11|2024|527
4962015006160044|11|2024|181
4962015006165118|11|2024|304
4962015006156448|11|2024|204
4962015006177519|11|2024|251
4962015006101519|11|2024|646
4962015006135152|11|2024|828
4962015006128348|11|2024|337
4962015006153080|11|2024|082
4962015006147819|11|2024|102
4962015006182055|11|2024|734
4962015006161125|11|2024|448
4962015006168187|11|2024|728
4962015006148007|11|2024|843
4962015006158048|11|2024|727
4962015006108563|11|2024|556
4962015006173021|11|2024|638
4962015006184184|11|2024|666
4962015006138719|11|2024|757
4962015006153676|11|2024|075
4962015006130187|11|2024|085
4962015006164368|11|2024|335
4962015006127787|11|2024|814
4962015006138628|11|2024|580
4962015006187070|11|2024|631
4962015006162834|11|2024|782
4962015006153445|11|2024|207
4962015006163741|11|2024|818
4962015006115527|11|2024|705
4962015006104539|11|2024|842
4962015006154500|11|2024|064
4962015006142315|11|2024|000
4962015006146654|11|2024|631
4962015006140806|11|2024|563
4962015006122820|11|2024|053
4962015006183129|11|2024|035
4962015006186643|11|2024|034
4962015006120121|11|2024|136
4962015006123240|11|2024|847
4962015006130062|11|2024|441
4962015006120808|11|2024|066
4962015006134387|11|2024|222
4962015006118711|11|2024|262
4962015006180638|11|2024|574
4962015006108035|11|2024|350
4962015006151050|11|2024|784
4962015006151084|11|2024|067
4962015006101840|11|2024|136
4962015006138628|11|2024|631
4962015006132456|11|2024|328
4962015006128660|11|2024|666
4962015006121616|11|2024|658
4962015006133884|11|2024|131
4962015006101824|11|2024|310
4962015006166686|11|2024|258
4962015006171470|11|2024|340
4962015006120352|11|2024|208
4962015006160531|11|2024|040
4962015006104620|11|2024|580
4962015006138560|11|2024|177
4962015006103721|11|2024|242
4962015006166181|11|2024|806
4962015006164814|11|2024|513
4962015006110189|11|2024|652
4962015006147173|11|2024|423
4962015006171314|11|2024|818
4962015006155770|11|2024|261
4962015006132142|11|2024|787
4962015006121848|11|2024|851
4962015006174532|11|2024|024
4962015006183400|11|2024|547
4962015006114439|11|2024|451
4962015006157701|11|2024|435
4962015006147850|11|2024|368
4962015006180265|11|2024|074
4962015006163063|11|2024|063
4962015006153775|11|2024|440
4962015006115139|11|2024|415
4962015006130054|11|2024|688
4962015006132860|11|2024|414
4962015006102103|11|2024|050
4962015006156778|11|2024|516
4962015006163055|11|2024|602
4962015006123448|11|2024|665
4962015006166421|11|2024|027
4962015006103184|11|2024|468
4962015006110106|11|2024|366
4962015006140038|11|2024|448
4962015006181420|11|2024|146
4962015006181644|11|2024|222
4962015006157339|11|2024|332
4962015006114843|11|2024|735
4962015006150318|11|2024|704
4962015006171835|11|2024|148
4962015006127779|11|2024|265
4962015006106658|11|2024|251
4962015006163485|11|2024|315
4962015006183202|11|2024|751
4962015006115154|11|2024|685
4962015006174433|11|2024|230
4962015006162412|11|2024|648
4962015006177063|11|2024|785
4962015006151266|11|2024|281
4962015006101279|11|2024|314
4962015006155333|11|2024|607
4962015006168161|11|2024|342
4962015006154849|11|2024|232
4962015006122028|11|2024|621
4962015006157628|11|2024|613
4962015006118083|11|2024|487
4962015006145136|11|2024|821
4962015006163147|11|2024|411
4962015006138784|11|2024|350
4962015006140244|11|2024|808
4962015006157420|11|2024|585
4962015006175182|11|2024|006
4962015006104828|11|2024|115
4962015006167023|11|2024|102
4962015006111732|11|2024|378
4962015006172221|11|2024|273
4962015006141465|11|2024|510
4962015006181651|11|2024|173
4962015006158238|11|2024|812
4962015006120261|11|2024|761
4962015006174664|11|2024|215
4962015006157461|11|2024|373
4962015006150466|11|2024|308
4962015006133546|11|2024|667
4962015006182626|11|2024|336
4962015006127811|11|2024|587
4962015006134205|11|2024|661
4962015006141374|11|2024|720
4962015006156661|11|2024|858
4962015006135418|11|2024|025
4962015006164236|11|2024|537
4962015006123174|11|2024|247
4962015006102202|11|2024|656
4962015006122333|11|2024|004
4962015006117887|11|2024|186
4962015006132357|11|2024|663
4962015006171389|11|2024|700
4962015006156570|11|2024|741
4962015006174383|11|2024|261
4962015006152645|11|2024|868
4962015006150300|11|2024|674
4962015006100511|11|2024|056
4962015006100362|11|2024|704
4962015006141812|11|2024|047
4962015006146381|11|2024|130
4962015006143677|11|2024|321
4962015006118513|11|2024|612
4962015006120444|11|2024|556
4962015006147025|11|2024|347
4962015006185876|11|2024|758
4962015006143156|11|2024|618
4962015006141275|11|2024|473
4962015006133702|11|2024|721
4962015006162479|11|2024|575
4962015006154880|11|2024|610
4962015006120683|11|2024|135
4962015006121863|11|2024|724
4962015006120527|11|2024|774
4962015006114371|11|2024|552
4962015006104273|11|2024|763
4962015006170076|11|2024|328
4962015006167619|11|2024|232
4962015006126813|11|2024|341
4962015006187534|11|2024|125
4962015006140301|11|2024|250
4962015006122762|11|2024|132
4962015006155143|11|2024|832
4962015006100727|11|2024|811
4962015006132845|11|2024|183
4962015006151613|11|2024|552
4962015006111435|11|2024|548
4962015006166801|11|2024|226
4962015006136051|11|2024|063
4962015006132738|11|2024|016
4962015006114249|11|2024|516
4962015006156240|11|2024|367
4962015006131557|11|2024|543
4962015006103424|11|2024|883
4962015006115170|11|2024|700
4962015006171587|11|2024|078
4962015006181578|11|2024|644
4962015006126326|11|2024|877
4962015006167817|11|2024|223
4962015006166538|11|2024|335
4962015006185272|11|2024|215
4962015006171207|11|2024|572
4962015006153429|11|2024|257
4962015006160044|11|2024|177
4962015006122556|11|2024|014
4962015006125120|11|2024|512
4962015006143511|11|2024|765
4962015006180422|11|2024|438
4962015006151407|11|2024|174
4962015006172726|11|2024|720
4962015006181156|11|2024|605
4962015006158485|11|2024|684
4962015006155325|11|2024|700
4962015006184309|11|2024|345
4962015006115865|11|2024|832
4962015006103655|11|2024|774
4962015006156281|11|2024|678
4962015006184119|11|2024|168
4962015006164582|11|2024|010
4962015006140228|11|2024|136
4962015006124859|11|2024|608
4962015006125856|11|2024|718
4962015006188813|11|2024|252
4962015006140160|11|2024|476
4962015006166272|11|2024|161
4962015006110148|11|2024|007
4962015006177436|11|2024|240
4962015006183517|11|2024|772
4962015006104851|11|2024|618
4962015006157578|11|2024|515
4962015006114082|11|2024|711
4962015006123844|11|2024|678
4962015006170845|11|2024|400
4962015006137141|11|2024|508
4962015006186833|11|2024|324
4962015006167353|11|2024|574
4962015006143875|11|2024|230
4962015006141150|11|2024|482
4962015006182667|11|2024|888
4962015006140400|11|2024|514
4962015006113837|11|2024|306
4962015006172288|11|2024|676
4962015006187120|11|2024|602
4962015006158337|11|2024|217
4962015006138875|11|2024|645
4962015006138354|11|2024|255
4962015006123521|11|2024|035
4962015006126649|11|2024|608
4962015006184333|11|2024|121
4962015006108506|11|2024|468
4962015006184788|11|2024|204
4962015006174102|11|2024|670
4962015006134528|11|2024|856
4962015006122176|11|2024|302
4962015006107268|11|2024|014
4962015006136887|11|2024|637
4962015006118687|11|2024|786
4962015006112300|11|2024|446
4962015006180356|11|2024|212
4962015006154781|11|2024|776
4962015006132472|11|2024|368
4962015006117747|11|2024|300
4962015006173039|11|2024|455
4962015006185066|11|2024|100
4962015006104653|11|2024|021
4962015006147140|11|2024|671
4962015006102343|11|2024|158
4962015006112060|11|2024|116
4962015006113258|11|2024|321
4962015006168872|11|2024|400
4962015006127530|11|2024|623
4962015006137323|11|2024|826
4962015006125021|11|2024|654
4962015006158329|11|2024|100
4962015006161570|11|2024|044
4962015006112649|11|2024|015
4962015006145219|11|2024|170
4962015006184010|11|2024|853
4962015006113084|11|2024|167
4962015006103325|11|2024|283
4962015006127431|11|2024|808
4962015006117218|11|2024|641
4962015006112359|11|2024|282
4962015006124701|11|2024|086
4962015006150326|11|2024|585
4962015006100271|11|2024|061
4962015006120220|11|2024|267
4962015006107367|11|2024|537
4962015006112433|11|2024|105
4962015006187500|11|2024|774
4962015006112235|11|2024|646
4962015006187328|11|2024|600
4962015006138255|11|2024|117
4962015006142323|11|2024|464
4962015006122838|11|2024|021
4962015006112110|11|2024|530
4962015006110783|11|2024|533
4962015006170803|11|2024|220
4962015006157750|11|2024|064
4962015006165522|11|2024|647
4962015006107300|11|2024|555
4962015006142018|11|2024|378
4962015006138644|11|2024|230
4962015006160135|11|2024|808
4962015006174011|11|2024|287
4962015006167809|11|2024|172
4962015006155101|11|2024|886
4962015006160309|11|2024|632
4962015006116749|11|2024|146
4962015006113449|11|2024|737
4962015006162883|11|2024|388
4962015006180851|11|2024|430
4962015006135087|11|2024|004
4962015006107284|11|2024|455
4962015006151241|11|2024|276
4962015006104158|11|2024|531
4962015006108373|11|2024|541
4962015006157883|11|2024|653
4962015006120519|11|2024|706
4962015006144816|11|2024|166
4962015006126516|11|2024|402
4962015006178244|11|2024|540
4962015006177030|11|2024|130
4962015006146571|11|2024|756
4962015006126532|11|2024|853
4962015006162875|11|2024|861
4962015006117671|11|2024|373
4962015006156851|11|2024|804
4962015006150409|11|2024|555
4962015006176826|11|2024|044
4962015006136689|11|2024|225
4962015006156323|11|2024|552
4962015006127274|11|2024|324
4962015006158386|11|2024|261
4962015006130369|11|2024|517
4962015006130724|11|2024|601
4962015006115238|11|2024|800
4962015006155341|11|2024|163
4962015006187708|11|2024|341
4962015006187211|11|2024|404
4962015006120055|11|2024|127
4962015006146225|11|2024|381
4962015006108480|11|2024|183
4962015006151217|11|2024|168
4962015006184101|11|2024|260
4962015006166876|11|2024|084
4962015006180570|11|2024|470
4962015006118430|11|2024|327
4962015006124867|11|2024|161
4962015006114611|11|2024|050
4962015006138487|11|2024|802
4962015006186817|11|2024|380
4962015006127589|11|2024|700
4962015006112516|11|2024|188
4962015006165621|11|2024|505
4962015006132217|11|2024|748
4962015006161216|11|2024|433
4962015006177261|11|2024|408
4962015006118208|11|2024|513
4962015006140822|11|2024|514
4962015006136226|11|2024|081
4962015006186585|11|2024|746
4962015006113142|11|2024|372
4962015006101048|11|2024|523
4962015006144667|11|2024|412
4962015006106070|11|2024|344
4962015006108712|11|2024|208
4962015006152413|11|2024|102
4962015006114017|11|2024|470
4962015006150540|11|2024|748
4962015006117531|11|2024|020
4962015006105775|11|2024|117
4962015006178350|11|2024|836
4962015006131235|11|2024|101
4962015006188748|11|2024|115
4962015006155135|11|2024|675
4962015006124172|11|2024|217
4962015006120253|11|2024|683
4962015006125823|11|2024|214
4962015006176040|11|2024|410
4962015006177667|11|2024|285
4962015006137760|11|2024|675
4962015006116384|11|2024|728
4962015006162719|11|2024|028
4962015006162628|11|2024|723
4962015006103838|11|2024|145
4962015006156034|11|2024|620
4962015006154450|11|2024|787
4962015006170118|11|2024|822
4962015006142232|11|2024|354
4962015006154146|11|2024|110
4962015006115311|11|2024|751
4962015006128686|11|2024|821
4962015006101105|11|2024|717
4962015006118570|11|2024|855
4962015006152124|11|2024|073
4962015006108357|11|2024|571
4962015006147389|11|2024|207
4962015006153478|11|2024|164
4962015006150565|11|2024|075
4962015006143263|11|2024|382
4962015006118166|11|2024|555
4962015006162883|11|2024|606
4962015006106658|11|2024|432
4962015006116145|11|2024|311
4962015006177212|11|2024|034
4962015006178004|11|2024|228
4962015006186031|11|2024|307
4962015006183640|11|2024|640
4962015006160622|11|2024|080
4962015006173401|11|2024|414
4962015006180406|11|2024|241
4962015006140269|11|2024|420
4962015006132712|11|2024|431
4962015006106252|11|2024|265
4962015006152074|11|2024|003
4962015006140814|11|2024|425
4962015006170449|11|2024|623
4962015006110866|11|2024|118
4962015006182410|11|2024|156
4962015006154039|11|2024|484
4962015006116756|11|2024|320
4962015006175133|11|2024|270
4962015006187880|11|2024|086
4962015006165316|11|2024|515
4962015006170456|11|2024|207
4962015006112441|11|2024|711
4962015006180562|11|2024|181
4962015006131706|11|2024|767
4962015006106369|11|2024|480
4962015006104075|11|2024|604
4962015006114512|11|2024|625
4962015006116541|11|2024|311
4962015006128074|11|2024|874
4962015006185231|11|2024|057
4962015006184184|11|2024|718
4962015006157222|11|2024|112
4962015006132613|11|2024|357
4962015006153437|11|2024|003
4962015006131086|11|2024|872
4962015006173252|11|2024|616
4962015006178384|11|2024|478
4962015006172510|11|2024|402
4962015006122135|11|2024|022
4962015006168245|11|2024|617
4962015006121244|11|2024|530
4962015006174805|11|2024|130
4962015006127324|11|2024|521
4962015006141648|11|2024|172
4962015006116160|11|2024|227
4962015006107102|11|2024|823
4962015006100743|11|2024|381
4962015006120386|11|2024|033
4962015006185421|11|2024|761
4962015006138552|11|2024|187
4962015006121236|11|2024|050
4962015006142844|11|2024|363
4962015006134106|11|2024|127
4962015006140160|11|2024|535
4962015006120063|11|2024|121
4962015006186874|11|2024|802
4962015006104356|11|2024|275
4962015006116087|11|2024|778
4962015006146803|11|2024|187
4962015006148452|11|2024|050
4962015006117341|11|2024|280
4962015006178277|11|2024|153
4962015006138289|11|2024|362
4962015006140681|11|2024|430
4962015006105023|11|2024|704
4962015006158154|11|2024|103
4962015006156372|11|2024|641
4962015006134577|11|2024|816
4962015006140673|11|2024|458
4962015006142083|11|2024|416
4962015006158444|11|2024|455
4962015006181651|11|2024|232
4962015006146712|11|2024|513
4962015006134106|11|2024|223
4962015006184101|11|2024|786
4962015006112763|11|2024|082
4962015006146712|11|2024|400
4962015006153874|11|2024|407
4962015006127308|11|2024|762
4962015006186866|11|2024|782
4962015006146423|11|2024|573
4962015006103416|11|2024|777
4962015006173823|11|2024|478
4962015006106286|11|2024|223
4962015006163279|11|2024|673
4962015006115261|11|2024|174
4962015006115840|11|2024|285
4962015006141127|11|2024|182
4962015006112243|11|2024|037
4962015006175331|11|2024|107
4962015006163626|11|2024|537
4962015006152744|11|2024|554
4962015006160333|11|2024|651
4962015006100354|11|2024|667
4962015006124479|11|2024|725
4962015006107748|11|2024|330
4962015006185355|11|2024|242
4962015006141309|11|2024|172
4962015006128850|11|2024|310
4962015006176602|11|2024|358
4962015006178202|11|2024|778
4962015006124685|11|2024|387
4962015006136150|11|2024|341
4962015006142786|11|2024|428
4962015006154187|11|2024|518
4962015006161125|11|2024|785
4962015006174243|11|2024|733
4962015006127472|11|2024|277
4962015006125518|11|2024|028
4962015006178160|11|2024|675
4962015006147603|11|2024|044
4962015006172742|11|2024|815
4962015006117531|11|2024|367
4962015006120113|11|2024|152
4962015006182444|11|2024|738
4962015006153064|11|2024|615
4962015006143776|11|2024|461
4962015006163170|11|2024|174
4962015006187237|11|2024|417
4962015006100156|11|2024|836
4962015006164038|11|2024|655
4962015006182410|11|2024|886
4962015006151811|11|2024|716
4962015006182014|11|2024|671
4962015006177287|11|2024|188
4962015006178723|11|2024|553
4962015006142760|11|2024|572
4962015006136838|11|2024|565
4962015006186312|11|2024|355
4962015006152702|11|2024|213
4962015006180539|11|2024|047
4962015006101329|11|2024|603
4962015006112508|11|2024|403
4962015006168245|11|2024|006
4962015006156802|11|2024|056
4962015006145128|11|2024|781
4962015006184473|11|2024|688
4962015006104380|11|2024|681
4962015006141549|11|2024|387
4962015006102400|11|2024|801
4962015006173682|11|2024|640
4962015006140368|11|2024|565
4962015006170860|11|2024|716
4962015006125625|11|2024|632
4962015006160341|11|2024|480
4962015006174060|11|2024|215
4962015006157305|11|2024|573
4962015006113076|11|2024|363
4962015006172619|11|2024|267
4962015006168807|11|2024|707
4962015006188029|11|2024|381
4962015006118224|11|2024|231
4962015006157503|11|2024|438
4962015006151431|11|2024|574
4962015006125583|11|2024|772
4962015006142570|11|2024|563
4962015006145045|11|2024|215
4962015006131573|11|2024|860
4962015006116574|11|2024|637
4962015006175505|11|2024|631
4962015006133173|11|2024|233
4962015006116467|11|2024|417
4962015006186213|11|2024|838
4962015006173427|11|2024|534
4962015006176651|11|2024|854
4962015006103275|11|2024|131
4962015006180323|11|2024|524
4962015006117739|11|2024|522
4962015006165860|11|2024|775
4962015006160572|11|2024|854
4962015006177261|11|2024|316
4962015006144204|11|2024|704
4962015006122002|11|2024|305
4962015006116756|11|2024|514
4962015006157362|11|2024|604
4962015006114751|11|2024|812
4962015006151464|11|2024|681
4962015006167320|11|2024|153
4962015006177386|11|2024|747
4962015006157446|11|2024|383
4962015006164806|11|2024|811
4962015006111625|11|2024|816
4962015006135251|11|2024|035
4962015006120535|11|2024|564
4962015006141580|11|2024|028
4962015006113233|11|2024|523
4962015006173625|11|2024|477
4962015006165746|11|2024|222
4962015006188342|11|2024|045
4962015006182840|11|2024|020
4962015006102863|11|2024|825
4962015006133272|11|2024|584
4962015006156752|11|2024|320
4962015006136234|11|2024|304
4962015006116871|11|2024|876
4962015006163345|11|2024|233
4962015006171652|11|2024|282
4962015006183160|11|2024|446
4962015006174763|11|2024|125
4962015006138081|11|2024|326
4962015006156000|11|2024|001
4962015006131144|11|2024|564
4962015006132688|11|2024|668
4962015006176842|11|2024|284
4962015006111773|11|2024|840
4962015006150847|11|2024|027
4962015006140848|11|2024|856
4962015006145102|11|2024|750
4962015006134585|11|2024|474
4962015006105569|11|2024|025
4962015006183475|11|2024|256
4962015006147744|11|2024|263
4962015006184432|11|2024|541
4962015006116723|11|2024|851
4962015006146480|11|2024|322
4962015006167486|11|2024|267
4962015006158824|11|2024|313
4962015006173088|11|2024|578
4962015006171686|11|2024|827
4962015006153171|11|2024|287
4962015006100834|11|2024|803
4962015006173567|11|2024|822
4962015006173823|11|2024|423
4962015006181388|11|2024|773
4962015006157107|11|2024|781
4962015006106088|11|2024|656
4962015006172320|11|2024|450
4962015006106377|11|2024|111
4962015006134635|11|2024|712
4962015006184846|11|2024|743
4962015006100289|11|2024|152
4962015006136481|11|2024|111
4962015006145482|11|2024|562
4962015006188623|11|2024|204
4962015006175224|11|2024|018
4962015006123240|11|2024|623
4962015006141408|11|2024|325
4962015006146654|11|2024|382
4962015006143347|11|2024|386
4962015006165001|11|2024|770
4962015006121582|11|2024|484
4962015006145300|11|2024|106
4962015006132746|11|2024|270
4962015006104356|11|2024|488
4962015006125120|11|2024|200
4962015006135236|11|2024|613
4962015006116624|11|2024|011
4962015006174672|11|2024|177
4962015006116335|11|2024|233
4962015006185181|11|2024|534
4962015006166348|11|2024|371
4962015006130732|11|2024|675
4962015006111146|11|2024|226
4962015006108761|11|2024|022
4962015006173617|11|2024|106
4962015006115550|11|2024|727
4962015006174359|11|2024|400
4962015006126854|11|2024|243
4962015006177642|11|2024|515
4962015006162339|11|2024|522
4962015006105080|11|2024|104
4962015006186643|11|2024|602
4962015006112441|11|2024|752
4962015006170779|11|2024|740
4962015006170811|11|2024|122
4962015006128546|11|2024|404
4962015006128363|11|2024|653
4962015006188789|11|2024|835
4962015006104752|11|2024|231
4962015006151670|11|2024|017
4962015006145714|11|2024|281
4962015006162180|11|2024|573
4962015006137646|11|2024|440
4962015006100313|11|2024|328
4962015006103283|11|2024|335
4962015006134148|11|2024|488
4962015006181768|11|2024|884
4962015006185702|11|2024|663
4962015006127019|11|2024|555
4962015006100065|11|2024|260
4962015006157842|11|2024|757
4962015006174136|11|2024|858
4962015006186833|11|2024|606
4962015006100214|11|2024|316
4962015006142422|11|2024|014
4962015006118810|11|2024|158
4962015006162883|11|2024|070
4962015006106567|11|2024|075
4962015006127381|11|2024|838
4962015006125104|11|2024|551
4962015006167601|11|2024|072
4962015006157818|11|2024|381
4962015006141200|11|2024|076
4962015006148288|11|2024|558
4962015006132712|11|2024|267
4962015006104240|11|2024|634
4962015006166538|11|2024|731
4962015006130070|11|2024|751
4962015006165852|11|2024|103
4962015006178475|11|2024|146
4962015006140673|11|2024|582
4962015006188854|11|2024|616
4962015006125708|11|2024|141
4962015006163436|11|2024|785
4962015006148544|11|2024|270
4962015006142414|11|2024|873
4962015006150730|11|2024|083
4962015006140574|11|2024|140
4962015006130559|11|2024|685
4962015006115402|11|2024|720
4962015006171843|11|2024|768
4962015006125633|11|2024|242
4962015006112243|11|2024|087
4962015006158139|11|2024|543
4962015006114777|11|2024|681
4962015006103440|11|2024|845
4962015006147058|11|2024|411
4962015006124461|11|2024|673
4962015006174136|11|2024|176
4962015006148205|11|2024|365
4962015006151274|11|2024|681
4962015006124461|11|2024|121
4962015006125526|11|2024|764
4962015006184515|11|2024|277
4962015006140772|11|2024|613
4962015006185447|11|2024|830
4962015006136374|11|2024|331
4962015006152678|11|2024|073
4962015006188086|11|2024|541
4962015006125575|11|2024|623
4962015006135103|11|2024|314
4962015006155275|11|2024|136
4962015006113621|11|2024|447
4962015006112524|11|2024|044
4962015006165522|11|2024|086
4962015006118265|11|2024|288
4962015006143040|11|2024|433
4962015006124024|11|2024|034
4962015006147728|11|2024|045
4962015006145045|11|2024|607
4962015006180356|11|2024|626
4962015006110130|11|2024|822
4962015006108100|11|2024|258
4962015006112086|11|2024|664
4962015006152546|11|2024|786
4962015006107813|11|2024|708
4962015006155481|11|2024|005
4962015006126417|11|2024|322
4962015006130757|11|2024|322
4962015006145862|11|2024|516
4962015006185181|11|2024|813
4962015006113456|11|2024|806
4962015006133207|11|2024|877
4962015006152769|11|2024|545
4962015006100149|11|2024|650
4962015006102764|11|2024|611
4962015006182212|11|2024|257
4962015006127779|11|2024|372
4962015006110072|11|2024|424
4962015006101774|11|2024|250
4962015006115857|11|2024|461
4962015006121814|11|2024|782
4962015006153254|11|2024|552
4962015006188417|11|2024|158
4962015006181669|11|2024|131
4962015006178343|11|2024|035
4962015006183830|11|2024|607
4962015006157024|11|2024|136
4962015006133645|11|2024|254
4962015006128801|11|2024|674
4962015006165530|11|2024|553
4962015006115220|11|2024|583
4962015006113522|11|2024|504
4962015006173450|11|2024|212
4962015006125740|11|2024|527
4962015006133488|11|2024|687
4962015006137745|11|2024|778
4962015006187831|11|2024|316
4962015006100008|11|2024|075
4962015006133678|11|2024|888
4962015006103762|11|2024|305
4962015006183624|11|2024|537
4962015006127654|11|2024|275
4962015006155853|11|2024|720
4962015006132563|11|2024|258
4962015006148502|11|2024|304
4962015006162818|11|2024|470
4962015006102509|11|2024|337
4962015006132381|11|2024|367
4962015006116335|11|2024|137
4962015006151522|11|2024|803
4962015006187203|11|2024|333
4962015006102343|11|2024|513
4962015006137281|11|2024|688
4962015006188334|11|2024|277
4962015006171611|11|2024|883
4962015006166157|11|2024|088
4962015006116285|11|2024|330
4962015006164780|11|2024|820
4962015006177121|11|2024|748
4962015006170266|11|2024|020
4962015006142869|11|2024|423
4962015006134270|11|2024|758
4962015006171181|11|2024|306
4962015006153866|11|2024|870
4962015006163154|11|2024|607
4962015006182832|11|2024|567
4962015006158543|11|2024|548
4962015006121376|11|2024|151
4962015006127407|11|2024|707
4962015006105676|11|2024|461
4962015006146712|11|2024|675
4962015006165563|11|2024|641
4962015006185025|11|2024|463
4962015006122887|11|2024|645
4962015006124016|11|2024|438
4962015006168773|11|2024|725
4962015006141069|11|2024|500
4962015006121046|11|2024|661
4962015006178830|11|2024|654
4962015006118042|11|2024|035
4962015006143784|11|2024|082
4962015006113225|11|2024|603
4962015006142406|11|2024|733
4962015006168112|11|2024|035
4962015006172668|11|2024|651
4962015006123612|11|2024|834
4962015006130427|11|2024|540
4962015006107060|11|2024|856
4962015006160689|11|2024|601
4962015006155341|11|2024|544
4962015006134544|11|2024|823
4962015006125039|11|2024|681
4962015006171629|11|2024|687
4962015006185025|11|2024|567
4962015006111336|11|2024|614
4962015006146829|11|2024|567
4962015006110452|11|2024|535
4962015006151746|11|2024|358
4962015006121715|11|2024|383
4962015006178228|11|2024|438
4962015006104653|11|2024|865
4962015006127720|11|2024|276
4962015006182584|11|2024|644
4962015006127613|11|2024|885
4962015006165225|11|2024|530
4962015006112615|11|2024|652
4962015006134700|11|2024|078
4962015006178335|11|2024|538
4962015006136119|11|2024|557
4962015006135723|11|2024|061
4962015006145540|11|2024|660
4962015006188375|11|2024|085
4962015006170084|11|2024|041
4962015006181503|11|2024|764
4962015006122531|11|2024|872
4962015006168146|11|2024|118
4962015006170522|11|2024|255
4962015006125781|11|2024|186
4962015006126128|11|2024|813
4962015006108423|11|2024|611
4962015006176842|11|2024|032
4962015006111708|11|2024|647
4962015006168849|11|2024|744
4962015006170076|11|2024|486
4962015006145821|11|2024|872
4962015006182758|11|2024|834
4962015006148403|11|2024|715
4962015006177162|11|2024|110
4962015006111674|11|2024|383
4962015006128249|11|2024|382
4962015006155671|11|2024|038
4962015006147124|11|2024|758
4962015006172775|11|2024|644
4962015006166884|11|2024|108
4962015006113720|11|2024|148
4962015006128611|11|2024|043
4962015006176289|11|2024|320
4962015006161364|11|2024|675